ListGraph Kruskal
Fill factor: 25%
50 209253
70 635137
100 2303100
120 5661920
150 19338650

Fill factor: 50%
50 609435
70 2063288
100 12343195
120 29105628
150 70638221

Fill factor: 75%
50 1499705
70 4357971
100 17397969
120 56774307
150 140755037

Fill factor: 99%
50 2021475
70 7352978
100 30473596
120 62142851
150 217387525

ListGraph Prima
Fill factor: 25%
50 196051
70 615668
100 2192466
120 4292154
150 10221474

Fill factor: 50%
50 581205
70 1982903
100 7762988
120 15749507
150 38341231

Fill factor: 75%
50 1175299
70 4170262
100 16712937
120 34868723
150 84845595

Fill factor: 99%
50 1913435
70 7035774
100 29895562
120 59705766
150 192295565

ListGraph Dijkstra
Fill factor: 25%
50 8029
70 19805
100 41282
120 58600
150 84328

Fill factor: 50%
50 15138
70 30651
100 58659
120 80191
150 115312

Fill factor: 75%
50 19566
70 37982
100 69883
120 95446
150 133866

Fill factor: 99%
50 23088
70 42955
100 77603
120 102359
150 139737

ListGraph BellmanFord
Fill factor: 25%
50 3584
70 7769
100 14345
120 20615
150 29666

Fill factor: 50%
50 5006
70 11158
100 21750
120 30421
150 45372

Fill factor: 75%
50 6393
70 14303
100 27542
120 37815
150 55092

Fill factor: 99%
50 7732
70 16649
100 30246
120 41066
150 67687

MatrixGraph Kruskal
Fill factor: 25%
50 367676
70 1041533
100 3269939
120 6132612
150 13793005

Fill factor: 50%
50 843728
70 2627612
100 9377874
120 18639460
150 44383529

Fill factor: 75%
50 1534454
70 5028173
100 19136441
120 38826681
150 93394499

Fill factor: 99%
50 2340122
70 8065279
100 31870091
120 66319307
150 220404856

MatrixGraph Prima
Fill factor: 25%
50 449652
70 1231572
100 3839679
120 7051733
150 15285444

Fill factor: 50%
50 987294
70 3025873
100 10578204
120 20494379
150 54187011

Fill factor: 75%
50 1802737
70 5660844
100 20835007
120 43389807
150 118230274

Fill factor: 99%
50 2647056
70 9139050
100 34277740
120 75817144
150 247692473

MatrixGraph Dijkstra
Fill factor: 25%
50 54100
70 146997
100 431788
120 731038
150 1398609

Fill factor: 50%
50 106495
70 300444
100 847885
120 1451677
150 2872448

Fill factor: 75%
50 160598
70 447920
100 1268984
120 2150699
150 5112358

Fill factor: 99%
50 214606
70 583412
100 1650558
120 2920994
150 9011070

MatrixGraph BellmanFord
Fill factor: 25%
50 84454
70 330591
100 1258833
120 2160135
150 4734022

Fill factor: 50%
50 221263
70 823993
100 2550709
120 4864403
150 10130276

Fill factor: 75%
50 313130
70 1055329
100 3726279
120 6652786
150 16961471

Fill factor: 99%
50 391805
70 1424564
100 4406204
120 9268215
150 35703897

