Graphs sizes: 50 70 100 120 150
Graphs fill factors: 25 50 75 99 

ListGraph Kruskal
50 95697
70 223598
100 734048
120 1412476
150 3191075

50 205308
70 648954
100 2339864
120 5817183
150 19397602

50 385459
70 1292354
100 5484217
120 17261472
150 39091614

50 605819
70 2097591
100 8030511
120 19591105
150 68220324

ListGraph Prima
50 76957
70 204534
100 702777
120 1278592
150 2967968

50 197226
70 602891
100 2219733
120 4401432
150 10212366

50 360323
70 1210306
100 4559019
120 9244181
150 22573883

50 558666
70 1950662
100 7668556
120 15640382
150 62317960

ListGraph Dijkstra
50 15601
70 29629
100 58865
120 77888
150 115316

50 23264
70 43737
100 77181
120 103236
150 137847

50 29349
70 48176
100 84548
120 110707
150 166215

50 31143
70 56867
100 92226
120 128037
150 190033

ListGraph BellmanFord
50 5416
70 12476
100 21917
120 30250
150 45742

50 7753
70 17930
100 30452
120 43880
150 66599

50 10567
70 19320
100 39916
120 57996
150 93424

50 12210
70 24096
100 49421
120 79768
150 121123

MatrixGraph Kruskal
50 223563
70 543196
100 1499930
120 2590943
150 5252512

50 376858
70 1048737
100 3371602
120 6123468
150 13629152

50 594054
70 1738685
100 6011755
120 11578863
150 26726186

50 835734
70 2602623
100 9437004
120 18696568
150 56849117

MatrixGraph Prima
50 245209
70 607977
100 1699815
120 2954420
150 6067505

50 427698
70 1207698
100 3795574
120 7038342
150 15426062

50 667349
70 2017605
100 6752110
120 12819632
150 31061309

50 948839
70 2939266
100 10390775
120 20402990
150 75349266

MatrixGraph Dijkstra
50 109403
70 304124
100 881305
120 1535238
150 3022919

50 218024
70 610902
100 1775665
120 3136390
150 9444931

50 328882
70 902276
100 2648238
120 5442372
150 19935170

50 426617
70 1170295
100 3665269
120 9441721
150 29788887

MatrixGraph BellmanFord
50 203103
70 703210
100 2493952
120 4450023
150 10065836

50 440264
70 1609638
100 5067640
120 10163079
150 35597487

50 694519
70 2461995
100 7821868
120 18564510
150 87661751

50 919189
70 2824847
100 10763906
120 39248393
150 130959729

