ListGraph Kruskal
Fill factor: 25%
50 674034
70 2257014
100 14972377
120 31073390
150 75253662

Fill factor: 50%
50 2186956
70 7874587
100 38937552
120 107416566
150 256266328

Fill factor: 75%
50 4539085
70 16774116
100 70547316
120 180656986
150 510694044

Fill factor: 99%
50 7542071
70 28880567
100 124415197
120 258608906
150 842005782

ListGraph Prima
Fill factor: 25%
50 192470
70 610053
100 2231338
120 4470304
150 10677734

Fill factor: 50%
50 590082
70 2016506
100 7881277
120 16410454
150 40008015

Fill factor: 75%
50 1232539
70 4262607
100 17380571
120 35970264
150 88877767

Fill factor: 99%
50 1980242
70 7261192
100 30601847
120 64041060
150 154614347

ListGraph Dijkstra
Fill factor: 25%
50 8960
70 20450
100 44249
120 59432
150 86389

Fill factor: 50%
50 15965
70 32429
100 62427
120 82710
150 118315

Fill factor: 75%
50 21357
70 38227
100 71649
120 93978
150 140400

Fill factor: 99%
50 24845
70 43795
100 79690
120 106808
150 143757

ListGraph BellmanFord
Fill factor: 25%
50 6749
70 13330
100 21998
120 32621
150 45305

Fill factor: 50%
50 8451
70 18369
100 33903
120 47306
150 59909

Fill factor: 75%
50 10468
70 19275
100 38659
120 50368
150 77134

Fill factor: 99%
50 11000
70 22547
100 42339
120 64755
150 114007

MatrixGraph Kruskal
Fill factor: 25%
50 337432
70 917126
100 3020082
120 5561577
150 12519750

Fill factor: 50%
50 761746
70 2437523
100 8839869
120 17801419
150 43864860

Fill factor: 75%
50 1413106
70 4694623
100 18622955
120 38568174
150 92470468

Fill factor: 99%
50 2196174
70 7674912
100 31010438
120 63983774
150 155696661

MatrixGraph Prima
Fill factor: 25%
50 428733
70 1205640
100 3755921
120 7058961
150 15911309

Fill factor: 50%
50 1005644
70 2970644
100 10456475
120 20678059
150 56796743

Fill factor: 75%
50 1700255
70 5581602
100 21872649
120 44133757
150 117433006

Fill factor: 99%
50 2615535
70 8797741
100 34543585
120 76862685
150 195188439

MatrixGraph Dijkstra
Fill factor: 25%
50 54358
70 150859
100 435546
120 737516
150 1409785

Fill factor: 50%
50 109840
70 301038
100 856226
120 1454133
150 2933999

Fill factor: 75%
50 160810
70 472793
100 1264886
120 2240423
150 5340970

Fill factor: 99%
50 215441
70 589614
100 1717949
120 3102356
150 9551548

MatrixGraph BellmanFord
Fill factor: 25%
50 120945
70 342348
100 1452429
120 2426411
150 4863653

Fill factor: 50%
50 229272
70 800423
100 2862827
120 4574751
150 9932498

Fill factor: 75%
50 385505
70 1267016
100 4387513
120 7017389
150 19690005

Fill factor: 99%
50 474803
70 1600507
100 6145156
120 10457400
150 37475068

